[10:56:03]设备[ID107Plus HR]C5:F7:76:AF:E2:E0连接了.....
[10:56:16] 10 11 02 17 2d 05 02 
[10:56:16] 81 77 5f 81 77 5f 81 78 60 81 78 60 68 2f 68 6a 00 00 00 11 
[10:56:16] 81 78 5f 81 78 5f 81 78 5f 81 78 5f 68 6e 68 79 00 00 00 12 
[10:56:16] 81 77 5f 81 77 5f 81 77 60 81 77 60 68 6f 68 72 00 00 00 13 
[10:56:16] 81 77 5f 81 77 5f 81 77 5f 81 77 5f 68 74 68 69 00 00 00 14 
[10:56:16] 81 78 5f 81 78 5f 81 78 5f 81 77 5f 68 69 68 6d 00 00 00 15 
[10:56:16] 81 78 5f 81 78 5f 81 77 5f 81 77 60 68 6d 68 75 00 00 00 16 
[10:56:16] 81 77 5f 81 77 5f 81 77 5f 81 77 5f 68 76 68 75 00 00 00 17 
[10:56:16] 81 77 5f 81 77 5f 81 77 5f 81 77 60 68 84 68 7a 00 00 00 18 
[10:56:16] 81 77 5f 81 77 5f 81 77 5f 81 77 5f 68 7b 68 70 00 00 00 19 
[10:56:16] 81 77 5f 81 77 5f 81 78 5f 81 78 5f 68 7c 68 75 00 00 00 1a 
[10:56:17] 81 78 5f 81 78 5f 81 78 5f 81 78 5f 68 7c 68 7f 00 00 00 1b 
[10:56:17] 81 78 5f 81 77 5f 81 77 5f 81 77 5f 68 7e 68 79 00 00 00 1c 
[10:56:17] 81 78 5f 81 78 5f 81 78 5f 81 78 5f 68 7c 68 7d 00 00 00 1d 
[10:56:17] 81 77 5f 81 77 5f 81 77 5f 81 77 5f 68 72 68 81 00 00 00 1e 
[10:56:17] 81 78 5f 81 77 5f 81 77 5f 81 77 5f 68 74 68 72 00 00 00 1f 
[10:56:17] 81 78 5f 81 78 5f 81 78 5f 81 78 5f 68 71 68 74 00 00 00 20 
[10:56:17] 81 78 5f 81 78 5f 81 78 5f 81 77 5f 68 68 68 72 00 00 00 21 
[10:56:17] 81 77 5f 81 77 5f 81 78 5f 81 78 5f 68 6f 68 6e 00 00 00 22 
[10:56:17] 81 78 5f 81 78 5f 81 78 5f 81 78 5f 68 78 68 68 00 00 00 23 
[10:56:17] 81 78 5f 81 78 5f 81 78 5f 81 78 5f 68 69 68 75 00 00 00 24 
[10:56:17] 81 78 5f 81 78 5f 81 78 5f 81 78 5f 68 76 68 7e 00 00 00 25 
[10:56:17] 81 78 5f 81 76 5f 83 74 60 83 75 60 68 7a 68 83 00 00 00 26 
[10:56:18] 82 76 60 82 77 5f 81 77 5f 81 78 5f 68 81 68 7b 00 00 00 27 
[10:56:18] 81 78 5f 81 78 5f 81 78 5f 80 77 5f 68 7e 68 7b 00 00 00 28 
[10:56:18] 10 11 02 17 2d 05 02 
[10:56:18] 80 78 5f 80 77 5f 81 77 5f 81 77 5f 68 7a 68 75 00 00 00 29 
[10:56:18] 81 77 5f 81 77 60 81 77 60 81 77 5f 68 6f 68 72 00 00 00 2a 
[10:56:18] 81 77 5f 81 77 5f 81 77 5f 81 77 5f 68 61 68 57 00 00 00 2b 
[10:56:18] 81 77 5f 81 77 5f 80 77 5f 80 77 5f 68 61 68 6c 00 00 00 2c 
[10:56:18] 81 77 5f 81 77 5f 81 77 5f 81 77 5f 68 70 68 7a 00 00 00 2d 
[10:56:18] 81 77 5f 81 77 5f 81 77 5f 81 77 5f 68 76 68 6c 00 00 00 2e 
[10:56:18] 81 77 5f 81 77 5f 81 77 5f 81 77 5f 68 74 68 6f 00 00 00 2f 
[10:56:18] 81 77 5f 81 77 5f 81 77 5f 80 77 5f 68 76 68 71 00 00 00 30 
[10:56:18] 81 77 5f 81 77 5f 81 77 5f 81 77 5f 68 69 68 76 00 00 00 31 
[10:56:18] 81 77 5f 81 77 5f 81 77 5f 81 77 5f 68 6e 68 72 00 00 00 32 
[10:56:19] 81 77 5f 81 77 5f 81 77 5f 80 77 5f 68 64 68 40 00 00 00 33 
[10:56:19] 80 77 5f 80 77 5f 80 77 5f 80 77 5f 68 2e 68 2a 00 00 00 34 
[10:56:19] 81 77 5f 81 77 5f 81 77 5f 81 77 5f 68 1b 68 12 00 00 00 35 
[10:56:19] 81 77 5f 80 77 5f 80 77 5f 80 77 5f 68 10 68 1c 00 00 00 36 
[10:56:19] 80 77 5f 80 77 5f 81 77 5f 81 77 5f 68 06 68 09 00 00 00 37 
[10:56:19] 80 77 5f 81 77 5f 81 77 5f 81 77 5f 68 10 68 12 00 00 00 38 
[10:56:19] 80 77 60 80 77 60 80 77 5f 80 77 5f 68 20 68 2f 00 00 00 39 
[10:56:19] 80 77 5f 80 77 5f 80 77 5f 80 77 60 68 2e 68 28 00 00 00 3a 
[10:56:19] 81 77 60 81 77 60 81 77 60 81 77 60 68 3a 68 3e 00 00 00 3b 
[10:56:19] 81 77 60 81 77 60 81 77 5f 81 77 5f 68 4d 68 3c 00 00 00 3c 
[10:56:19] 81 77 5f 81 77 5f 81 77 5f 81 77 5f 68 33 68 17 00 00 00 3d 
[10:56:19] 81 77 5f 81 77 5f 81 77 5f 81 77 5f 68 0a 68 0b 00 00 00 3e 
[10:56:20] 81 77 5f 81 77 5f 80 77 5f 80 77 60 68 0b 68 06 00 00 00 3f 
[10:56:20] 80 77 5f 81 77 5f 81 77 5f 81 77 60 68 04 68 05 00 00 00 40 
[10:56:20] 10 11 02 17 2d 05 02 
[10:56:20] 81 77 5f 81 77 5f 81 77 5f 81 77 5f 68 0a 68 13 00 00 00 41 
[10:56:20] 81 77 5f 81 77 5f 81 77 60 81 77 60 68 15 68 1c 00 00 00 42 
[10:56:20] 81 77 60 81 77 5f 81 77 5f 81 77 5f 68 14 68 18 00 00 00 43 
[10:56:20] 81 77 5f 80 77 60 80 77 60 80 77 60 68 22 68 2c 00 00 00 44 
[10:56:20] 80 77 60 80 77 60 81 77 5f 81 77 5f 68 26 68 29 00 00 00 45 
[10:56:20] 80 77 60 80 77 60 80 77 60 80 77 60 68 32 68 2f 00 00 00 46 
[10:56:20] 80 77 5f 80 77 5f 80 77 5f 81 77 5f 68 23 68 0f 00 00 00 47 
[10:56:20] 81 77 5f 81 77 5f 81 77 5f 81 77 5f 68 02 67 ef 00 00 00 48 
[10:56:20] 81 77 60 80 77 60 81 77 5f 81 77 60 67 f3 67 f4 00 00 00 49 
[10:56:20] 80 77 60 80 77 60 81 77 60 81 77 60 67 ef 67 f2 00 00 00 4a 
[10:56:21] 81 77 60 81 77 5f 80 77 5f 80 76 60 67 fa 67 f5 00 00 00 4b 
[10:56:21] 80 76 60 80 76 60 80 76 60 81 77 60 67 fa 67 ff 00 00 00 4c 
[10:56:21] 81 77 60 81 77 60 81 76 60 81 76 60 67 f8 68 0c 00 00 00 4d 
[10:56:21] 81 76 60 81 77 60 81 77 5f 81 77 5f 68 14 68 19 00 00 00 4e 
[10:56:21] 80 77 60 80 76 60 80 77 60 80 77 60 68 20 68 1e 00 00 00 4f 
[10:56:21] 81 76 60 81 76 60 81 76 60 81 76 60 68 20 68 0f 00 00 00 50 
[10:56:21] 81 76 5f 81 77 60 81 77 60 81 77 60 67 f1 67 e7 00 00 00 51 
[10:56:21] 81 77 60 80 77 60 80 76 60 80 76 60 67 d2 67 c4 00 00 00 52 
[10:56:21] 80 76 60 80 76 5f 81 77 5f 81 77 5f 67 d9 67 c8 00 00 00 53 
[10:56:21] 81 76 60 80 76 60 81 76 60 80 76 60 67 cc 67 cc 00 00 00 54 
[10:56:22] 80 76 60 81 76 60 81 76 60 81 76 60 67 d0 67 d4 00 00 00 55 
[10:56:22] 81 76 60 80 76 60 81 76 5f 81 76 5f 67 ca 67 e3 00 00 00 56 
[10:56:22] 81 76 5f 81 76 60 80 77 5f 81 77 5f 67 f0 67 e9 00 00 00 57 
[10:56:22] 81 77 5f 81 76 5f 81 76 5f 81 76 60 67 fa 67 fc 00 00 00 58 
[10:56:22] 10 11 02 17 2d 05 02 
[10:56:22] 81 77 60 80 77 60 80 77 5f 81 77 60 68 0c 68 01 00 00 00 59 
[10:56:22] 81 76 60 80 76 60 80 77 5f 80 77 5f 67 db 67 cf 00 00 00 5a 
[10:56:22] 80 76 5f 80 76 5f 81 76 60 81 76 60 67 bf 67 b4 00 00 00 5b 
[10:56:22] 80 76 60 81 76 5f 81 77 5f 81 77 60 67 ab 67 b4 00 00 00 5c 
[10:56:22] 81 77 5f 80 77 5f 80 76 5f 80 76 60 67 b4 67 bf 00 00 00 5d 
[10:56:22] 81 76 60 81 77 60 81 76 60 80 76 5f 67 b9 67 ca 00 00 00 5e 
[10:56:22] 80 76 5f 80 76 5f 80 77 5f 80 77 60 67 be 67 cb 00 00 00 5f 
[10:56:22] 81 77 60 80 76 60 80 76 60 80 76 60 67 d9 67 cc 00 00 00 60 
[10:56:22] 80 76 60 81 77 60 81 77 60 81 77 60 67 df 67 e3 00 00 00 61 
[10:56:22] 80 77 5f 80 76 60 80 76 60 80 76 5f 67 ef 67 ff 00 00 00 62 
[10:56:22] 80 77 60 80 77 60 80 77 5f 80 76 5f 67 f4 67 fb 00 00 00 63 
[10:56:23] 80 76 5f 81 76 5f 81 76 5f 80 76 5f 67 f1 67 c7 00 00 00 64 
[10:56:23] 81 76 5f 81 76 5f 81 77 5f 81 77 5f 67 c1 67 ad 00 00 00 65 
[10:56:23] 80 77 5f 80 77 60 80 76 60 81 76 60 67 b0 67 b0 00 00 00 66 
[10:56:23] 80 77 60 80 76 60 80 76 60 80 76 60 67 c1 67 c3 00 00 00 67 
[10:56:23] 81 76 60 80 76 60 80 76 5f 81 76 5f 67 c3 67 ca 00 00 00 68 
[10:56:23] 81 76 5f 81 76 5f 80 76 60 80 77 60 67 c2 67 dc 00 00 00 69 
[10:56:23] 80 77 60 80 76 60 80 76 60 80 76 60 67 dc 67 e3 00 00 00 6a 
[10:56:23] 80 76 5f 80 76 5f 80 76 5f 80 77 5f 67 f1 67 ed 00 00 00 6b 
[10:56:23] 80 76 5f 80 76 60 80 76 60 81 76 60 67 f7 67 e7 00 00 00 6c 
[10:56:23] 81 76 60 81 77 60 81 76 60 81 76 60 67 e8 67 d0 00 00 00 6d 
[10:56:23] 81 76 60 80 76 60 81 76 60 81 76 60 67 c7 67 c1 00 00 00 6e 
[10:56:23] 80 76 60 80 76 60 81 76 60 81 76 60 67 b6 67 bf 00 00 00 6f 
[10:56:24] 80 76 60 80 76 60 80 76 5f 81 76 5f 67 be 67 bb 00 00 00 70 
[10:56:24] 81 76 5f 80 76 5f 81 76 5f 81 76 60 67 c3 67 c5 00 00 00 71 
[10:56:24] 10 11 02 17 2d 05 02 
[10:56:24] 80 77 60 80 76 5f 80 76 5f 80 76 5f 67 cc 67 d8 00 00 00 72 
[10:56:24] 80 77 60 80 77 60 80 76 60 80 76 60 67 d4 67 f4 00 00 00 73 
[10:56:24] 80 76 60 80 77 5f 81 77 5f 80 76 5f 67 de 67 f5 00 00 00 74 
[10:56:24] 80 77 60 80 77 60 80 76 60 80 76 60 67 f9 67 fc 00 00 00 75 
[10:56:24] 80 76 60 80 76 60 80 76 60 80 76 60 67 da 67 c9 00 00 00 76 
[10:56:24] 80 76 60 80 76 60 80 76 60 80 76 60 67 b3 67 b4 00 00 00 77 
[10:56:24] 80 76 60 80 76 60 80 76 60 81 76 60 67 9b 67 a8 00 00 00 78 
[10:56:24] 80 76 60 81 76 60 81 76 60 80 76 60 67 8e 67 a3 00 00 00 79 
[10:56:24] 80 76 60 80 76 60 80 76 60 80 76 60 67 91 67 99 00 00 00 7a 
[10:56:24] 80 76 60 80 76 60 81 76 60 81 76 60 67 9e 67 9e 00 00 00 7b 
[10:56:25] 81 76 60 80 75 60 80 76 60 80 76 60 67 a3 67 9f 00 00 00 7c 
[10:56:25] 80 76 60 80 76 60 80 76 60 81 75 60 67 ad 67 ab 00 00 00 7d 
[10:56:25] 81 75 60 81 76 60 81 76 60 80 76 60 67 b0 67 be 00 00 00 7e 
[10:56:25] 81 76 60 80 76 60 80 76 60 80 76 60 67 c1 67 a5 00 00 00 7f 
[10:56:25] 80 76 60 80 76 60 80 76 60 80 76 60 67 8e 67 8b 00 00 00 80 
[10:56:25] 81 76 60 80 76 60 80 76 60 80 76 60 67 73 67 7e 00 00 00 81 
[10:56:25] 80 77 5f 80 76 60 80 76 60 81 76 60 67 7d 67 67 00 00 00 82 
[10:56:25] 81 76 60 81 76 60 81 76 60 81 76 60 67 6c 67 75 00 00 00 83 
[10:56:25] 80 76 60 80 76 60 80 76 60 80 76 60 67 71 67 69 00 00 00 84 
[10:56:25] 80 76 60 80 76 60 80 76 60 80 76 60 67 7a 67 78 00 00 00 85 
[10:56:25] 80 76 60 80 76 60 80 76 60 80 76 60 67 8b 67 81 00 00 00 86 
[10:56:25] 80 76 60 80 76 60 80 76 60 80 76 60 67 9d 67 9c 00 00 00 87 
[10:56:26] 80 76 60 80 76 60 80 76 60 80 76 60 67 89 67 76 00 00 00 88 
[10:56:26] 80 76 60 80 76 60 80 76 60 80 76 60 67 69 67 4b 00 00 00 89 
[10:56:26] 80 76 60 80 76 60 80 76 60 80 76 60 67 53 67 46 00 00 00 8a 
[10:56:26] 80 76 5f 80 76 5f 80 76 60 80 76 60 67 45 67 44 00 00 00 8b 
[10:56:26] 80 76 60 80 76 5f 80 76 5f 80 76 60 67 35 67 3f 00 00 00 8c 
[10:56:26] 80 76 60 80 76 60 80 76 60 80 76 60 67 3a 67 3d 00 00 00 8d 
[10:56:26] 80 76 60 80 76 60 80 76 60 80 76 60 67 46 67 46 00 00 00 8e 
[10:56:26] 80 76 5f 80 76 5f 80 76 60 80 76 60 67 51 67 5a 00 00 00 8f 
[10:56:26] 80 76 60 80 76 60 80 76 60 80 76 5f 67 69 67 65 00 00 00 90 
[10:56:26] 80 76 5f 80 76 60 80 76 60 80 76 60 67 4c 67 2c 00 00 00 91 
[10:56:26] 80 76 60 80 76 60 80 76 60 80 76 60 67 36 67 28 00 00 00 92 
[10:56:26] 80 76 60 80 76 60 80 76 60 80 76 60 67 23 67 1c 00 00 00 93 
[10:56:27] 81 76 60 81 76 60 80 76 60 80 76 60 67 1e 67 1c 00 00 00 94 
[10:56:27] 80 76 60 80 76 60 80 76 60 80 76 60 67 1b 67 23 00 00 00 95 
[10:56:27] 80 76 60 80 76 60 80 76 60 80 76 60 67 29 67 30 00 00 00 96 
[10:56:27] 80 76 60 80 76 60 80 76 60 80 76 60 67 35 67 45 00 00 00 97 
[10:56:27] 80 76 60 80 76 60 80 76 60 80 76 60 67 48 67 40 00 00 00 98 
[10:56:27] 80 76 60 80 76 60 80 76 60 80 76 5f 67 51 67 54 00 00 00 99 
[10:56:27] 80 76 60 80 76 60 80 76 60 80 76 60 67 5c 67 40 00 00 00 9a 
[10:56:27] 80 76 60 80 76 60 80 76 60 80 76 60 67 31 67 15 00 00 00 9b 
[10:56:27] 80 76 60 80 76 60 80 76 60 80 76 60 67 1b 67 25 00 00 00 9c 
[10:56:27] 80 76 60 80 76 60 80 76 5f 80 76 5f 67 14 67 2a 00 00 00 9d 
[10:56:28] 80 76 60 80 76 60 80 76 60 80 76 60 67 0c 67 19 00 00 00 9e 
[10:56:28] 80 76 60 80 76 60 80 76 60 80 76 60 67 2a 67 2a 00 00 00 9f 
[10:56:28] 80 76 60 80 76 60 80 76 60 80 76 5f 67 3d 67 43 00 00 00 a0 
[10:56:28] 80 76 5f 80 76 60 80 76 60 80 76 60 67 50 67 5b 00 00 00 a1 
[10:56:28] 80 76 60 80 76 60 80 76 60 80 76 60 67 4b 67 62 00 00 00 a2 
[10:56:28] 80 76 60 80 76 60 80 76 60 80 76 60 67 59 67 3f 00 00 00 a3 
[10:56:28] 80 76 60 80 76 60 80 76 60 80 76 60 67 37 67 2a 00 00 00 a4 
[10:56:28] 80 76 60 80 76 60 80 76 60 80 76 60 67 24 67 2c 00 00 00 a5 
[10:56:28] 80 76 60 80 76 60 80 76 5f 80 76 5f 67 26 67 26 00 00 00 a6 
[10:56:28] 80 76 5f 80 76 5f 80 76 5f 80 76 60 67 20 67 34 00 00 00 a7 
[10:56:28] 80 76 60 80 76 60 80 76 60 80 76 60 67 2c 67 33 00 00 00 a8 
[10:56:28] 80 76 60 80 76 60 80 76 60 80 76 60 67 3f 67 41 00 00 00 a9 
[10:56:28] 80 76 60 80 76 60 80 76 5f 80 76 60 67 45 67 4e 00 00 00 aa 
[10:56:28] 80 76 60 80 76 60 80 76 60 80 76 60 67 58 67 5c 00 00 00 ab 
[10:56:29] 80 76 60 80 76 60 80 76 60 80 76 60 67 73 67 73 00 00 00 ac 
[10:56:29] 80 76 60 80 76 60 80 76 60 80 76 60 67 68 67 5b 00 00 00 ad 
[10:56:29] 80 76 60 80 76 60 80 76 60 80 76 60 67 3a 67 3a 00 00 00 ae 
[10:56:29] 80 76 60 80 76 60 80 76 60 80 76 60 67 29 67 2c 00 00 00 af 
[10:56:29] 80 76 60 80 76 60 80 76 60 80 76 60 67 18 67 20 00 00 00 b0 
[10:56:29] 80 76 60 80 76 60 80 76 60 80 76 60 67 25 67 1b 00 00 00 b1 
[10:56:29] 80 76 60 80 76 60 80 76 60 80 76 60 67 28 67 3a 00 00 00 b2 
[10:56:29] 80 76 60 80 76 60 80 76 60 80 76 60 67 3c 67 3f 00 00 00 b3 
[10:56:29] 80 76 60 80 76 60 80 76 60 80 76 60 67 48 67 58 00 00 00 b4 
[10:56:29] 80 76 60 80 76 5f 80 76 5f 80 76 5f 67 4d 67 60 00 00 00 b5 
[10:56:29] 80 76 60 80 76 60 80 76 60 80 76 60 67 65 67 74 00 00 00 b6 
[10:56:29] 80 76 60 80 76 60 80 76 60 80 76 60 67 70 67 54 00 00 00 b7 
[10:56:29] 80 76 60 80 76 60 80 76 60 80 76 60 67 49 67 33 00 00 00 b8 
[10:56:30] 80 76 60 80 76 60 80 76 60 80 76 60 67 2f 67 32 00 00 00 b9 
[10:56:30] 80 76 60 80 76 60 80 76 60 80 76 60 67 2c 67 31 00 00 00 ba 
[10:56:30] 80 76 60 80 76 5f 80 76 60 80 76 60 67 2a 67 23 00 00 00 bb 
[10:56:30] 80 76 5f 80 76 5f 80 76 60 80 76 60 67 35 67 48 00 00 00 bc 
[10:56:30] 80 76 60 80 76 60 80 76 5f 80 76 60 67 51 67 54 00 00 00 bd 
[10:56:30] 80 76 60 80 76 60 80 76 60 80 76 60 67 60 67 55 00 00 00 be 
[10:56:30] 80 76 60 80 76 60 80 76 60 80 76 60 67 6d 67 76 00 00 00 bf 
[10:56:30] 80 76 60 80 76 60 80 76 60 80 76 60 67 78 67 77 00 00 00 c0 
[10:56:30] 80 76 60 80 76 60 80 76 60 80 76 60 67 67 67 5d 00 00 00 c1 
[10:56:30] 80 76 5f 80 76 60 80 76 60 80 76 60 67 48 67 42 00 00 00 c2 
[10:56:30] 80 76 60 80 76 60 80 76 60 80 76 60 67 3d 67 32 00 00 00 c3 
[10:56:30] 80 76 60 80 76 60 80 76 60 80 76 60 67 41 67 3c 00 00 00 c4 
[10:56:31] 80 76 60 80 76 60 80 76 60 80 76 60 67 29 67 31 00 00 00 c5 
[10:56:31] 80 76 60 80 76 60 80 76 60 80 76 60 67 41 67 41 00 00 00 c6 
[10:56:31] 80 76 60 80 76 60 80 76 60 80 76 60 67 48 67 4a 00 00 00 c7 
[10:56:31] 80 76 60 80 76 60 80 76 60 80 76 60 67 53 67 62 00 00 00 c8 
[10:56:31] 80 76 60 80 76 60 80 76 60 80 76 60 67 65 67 61 00 00 00 c9 
[10:56:31] 80 76 60 80 76 60 80 76 60 80 76 60 67 69 67 7b 00 00 00 ca 
[10:56:31] 80 76 60 80 76 60 80 76 60 80 76 60 67 6b 67 52 00 00 00 cb 
[10:56:31] 80 76 60 80 76 60 80 76 60 80 76 60 67 4a 67 40 00 00 00 cc 
[10:56:31] 80 76 60 80 76 60 80 76 60 80 76 60 67 47 67 39 00 00 00 cd 
[10:56:31] 80 76 60 80 76 5f 80 76 5f 80 76 5f 67 4d 67 47 00 00 00 ce 
[10:56:31] 80 76 60 80 76 60 80 76 60 80 76 60 67 47 67 43 00 00 00 cf 
[10:56:31] 80 76 60 80 76 60 80 76 60 80 76 60 67 59 67 54 00 00 00 d0 
[10:56:32] 81 76 60 81 76 60 80 76 60 80 76 60 67 70 67 6c 00 00 00 d1 
[10:56:32] 80 76 60 80 76 60 80 76 60 80 76 60 67 6a 67 70 00 00 00 d2 
[10:56:32] 80 76 60 80 76 60 80 76 60 80 76 60 67 7c 67 88 00 00 00 d3 
[10:56:32] 80 76 60 80 76 60 80 76 60 80 76 60 67 8a 67 87 00 00 00 d4 
[10:56:32] 80 76 60 80 76 60 80 76 60 80 76 60 67 6b 67 61 00 00 00 d5 
[10:56:32] 80 76 60 80 76 60 80 76 60 80 76 60 67 50 67 3f 00 00 00 d6 
[10:56:32] 80 76 60 80 76 60 80 76 60 80 76 60 67 44 67 3b 00 00 00 d7 
[10:56:32] 80 76 60 80 76 60 80 76 60 80 76 60 67 37 67 35 00 00 00 d8 
[10:56:32] 80 76 60 80 76 60 80 76 60 80 76 60 67 24 67 2a 00 00 00 d9 
[10:56:32] 80 76 60 80 76 60 80 76 60 80 76 60 67 41 67 39 00 00 00 da 
[10:56:32] 80 76 60 80 76 60 80 76 5f 80 76 60 67 49 67 47 00 00 00 db 
[10:56:32] 80 76 60 80 76 60 80 76 60 81 76 60 67 60 67 69 00 00 00 dc 
[10:56:33] 80 76 60 80 76 60 80 76 60 80 76 60 67 67 67 73 00 00 00 dd 
[10:56:33] 80 76 60 80 75 5f 80 75 60 80 75 60 67 6a 67 4d 00 00 00 de 
[10:56:33] 80 76 60 80 76 60 80 76 60 80 76 60 67 48 67 37 00 00 00 df 
[10:56:33] 80 76 60 80 76 60 80 76 60 80 76 60 67 2b 67 1c 00 00 00 e0 
[10:56:33] 80 76 60 80 76 5f 80 76 60 80 76 60 67 26 67 24 00 00 00 e1 
[10:56:33] 80 76 60 80 77 60 80 76 60 80 76 60 67 1b 67 1b 00 00 00 e2 
[10:56:33] 80 76 60 80 76 60 80 76 60 80 76 60 67 18 67 1b 00 00 00 e3 
[10:56:33] 80 76 60 80 76 60 80 76 60 80 76 60 67 1d 67 1e 00 00 00 e4 
[10:56:33] 80 76 60 80 76 60 80 76 60 80 76 60 67 41 67 3c 00 00 00 e5 
[10:56:33] 80 76 60 80 76 60 80 76 60 80 76 60 67 2a 67 3c 00 00 00 e6 
[10:56:34] 80 76 60 80 76 60 80 76 60 80 76 60 67 47 67 53 00 00 00 e7 
[10:56:34] 80 76 60 80 76 60 80 76 60 80 76 60 67 5f 67 42 00 00 00 e8 
[10:56:34] 80 76 60 80 76 60 80 76 60 80 76 60 67 28 67 25 00 00 00 e9 
[10:56:34] 80 76 5f 80 76 5f 80 76 5f 80 76 5f 67 12 67 1c 00 00 00 ea 
[10:56:34] 80 76 5f 80 76 5f 80 76 5f 80 76 5f 67 09 67 1c 00 00 00 eb 
[10:56:34] 80 76 5f 81 77 5f 80 77 5f 80 76 60 67 09 67 1f 00 00 00 ec 
[10:56:34] 80 76 60 80 76 60 80 76 60 80 76 60 67 1d 67 32 00 00 00 ed 
[10:56:34] 80 76 60 80 76 60 81 76 60 80 76 60 67 2c 67 36 00 00 00 ee 
[10:56:34] 80 76 60 80 76 60 80 76 5f 80 76 5f 67 38 67 4b 00 00 00 ef 
[10:56:34] 80 76 60 80 76 60 80 76 60 80 76 60 67 51 67 59 00 00 00 f0 
[10:56:34] 80 76 60 80 76 60 80 76 60 81 76 60 67 5c 67 4b 00 00 00 f1 
[10:56:34] 81 76 60 80 76 60 80 76 60 80 76 60 67 3b 67 2b 00 00 00 f2 
[10:56:34] 80 76 60 80 76 60 80 76 60 80 76 60 67 23 67 0a 00 00 00 f3 
[10:56:34] 80 76 60 80 76 60 81 76 60 81 76 60 66 fd 66 fa 00 00 00 f4 
[10:56:34] 81 76 60 80 76 60 80 76 60 80 76 60 66 f9 66 f5 00 00 00 f5 
[10:56:35] 80 76 5f 80 76 5f 80 76 60 80 76 60 66 fa 66 ff 00 00 00 f6 
[10:56:35] 80 76 5f 80 77 5f 80 76 5f 80 76 60 67 0e 67 0a 00 00 00 f7 
[10:56:35] 80 76 60 80 76 5f 80 76 5f 80 76 5f 67 1d 67 26 00 00 00 f8 
[10:56:35] 80 76 5f 80 77 5f 80 77 5f 80 76 5f 67 21 67 1f 00 00 00 f9 
[10:56:35] 80 76 5f 80 76 5f 80 76 60 80 75 60 67 38 67 2f 00 00 00 fa 
[10:56:35] 80 76 60 80 77 60 80 77 60 80 77 60 67 3a 67 0e 00 00 00 fb 
[10:56:35] 80 77 60 80 76 60 80 76 60 80 76 60 66 ff 66 e2 00 00 00 fc 
[10:56:35] 80 76 60 81 76 60 80 76 60 80 76 60 66 cd 66 c9 00 00 00 fd 
[10:56:35] 80 76 60 80 76 60 80 76 60 80 77 60 66 c8 66 c9 00 00 00 fe 
[10:56:35] 10 14 02 17 2d 05 
[10:56:35] 80 77 60 80 77 5f 80 76 60 80 76 60 66 ba 66 bf 00 00 00 ff 
[10:56:36] 80 76 60 80 76 60 80 76 60 80 76 60 66 bd 66 bb 00 00 00 00 
[10:56:36] 80 76 5f 80 76 5f 80 76 60 80 76 60 66 bc 66 bc 00 00 00 01 
[10:56:36] 80 76 60 80 76 60 80 76 60 80 76 60 66 bc 66 bd 00 00 00 02 
[10:56:36] 80 76 60 80 76 60 80 76 60 80 76 60 66 ca 66 c7 00 00 00 03 
[10:56:36] 80 76 60 80 76 60 80 76 60 80 76 60 66 d7 66 d7 00 00 00 04 
[10:56:36] 80 76 60 80 76 60 80 77 60 80 77 60 66 d7 66 cb 00 00 00 05 
[10:56:36] 80 76 60 80 76 60 80 76 60 80 76 60 66 ae 66 97 00 00 00 06 
[10:56:36] 80 76 5f 80 76 60 80 76 60 80 76 60 66 7f 66 82 00 00 00 07 
[10:56:36] 81 76 60 80 76 5e 7f 76 5d 80 76 5e 66 7b 66 60 00 00 00 08 
[10:56:36] 80 76 5f 80 76 5f 80 77 5f 80 77 5f 66 68 66 69 00 00 00 09 
[10:56:36] 80 77 60 80 76 5f 80 76 5f 80 76 60 66 63 66 62 00 00 00 0a 
[10:56:36] 80 76 60 80 77 5f 80 77 5f 80 77 60 66 6d 66 6b 00 00 00 0b 
[10:56:36] 80 76 60 80 76 60 80 76 60 80 76 60 66 6a 66 64 00 00 00 0c 
[10:56:37] 80 76 60 80 76 60 81 76 60 81 76 60 66 79 66 71 00 00 00 0d 
[10:56:37] 80 76 60 80 76 60 80 76 60 80 76 60 66 89 66 85 00 00 00 0e 
[10:56:37] 80 76 60 80 76 60 80 77 5f 80 77 5f 66 86 66 91 00 00 00 0f 
[10:56:37] 80 76 60 80 76 60 80 76 60 80 76 60 66 89 66 61 00 00 00 10 
[10:56:37] 80 76 60 80 76 60 80 76 60 80 76 61 66 51 66 45 00 00 00 11 
[10:56:37] 80 76 62 80 75 60 80 75 60 80 76 60 66 2d 66 2b 00 00 00 12 
[10:56:37] 80 76 60 80 76 60 80 76 60 81 76 60 66 2d 66 28 00 00 00 13 
[10:56:37] 80 76 60 80 76 60 80 75 60 7e 77 5f 66 2e 66 26 00 00 00 14 
[10:56:37] 7b 79 5d 7b 79 5d 7d 79 5e 7f 78 5f 66 2b 66 2e 00 00 00 15 
[10:56:37] 80 77 5f 80 77 5f 80 76 5f 80 76 5f 66 2f 66 3b 00 00 00 16 
[10:56:37] 10 14 02 17 2d 05 
[10:56:37] 80 76 60 80 76 60 80 76 60 80 76 60 66 4d 66 4c 00 00 00 17 
[10:56:38] 80 76 60 80 76 60 80 76 5f 80 76 5f 66 4e 66 52 00 00 00 18 
[10:56:38] 80 76 5f 80 76 60 80 76 60 80 76 60 66 54 66 6a 00 00 00 19 
[10:56:38] 80 76 5f 80 76 5f 80 76 5f 80 76 5f 66 7e 66 81 00 00 00 1a 
[10:56:38] 80 76 5f 80 76 5f 80 76 5f 80 76 60 66 6a 66 53 00 00 00 1b 
[10:56:38] 80 76 60 80 76 60 80 76 60 80 76 60 66 41 66 27 00 00 00 1c 
[10:56:38] 80 76 60 80 77 60 80 76 60 80 76 60 66 1d 66 14 00 00 00 1d 
[10:56:38] 80 76 60 80 76 60 80 76 5f 80 76 5f 66 09 66 0c 00 00 00 1e 
[10:56:38] 80 77 60 80 76 5f 80 76 5f 80 76 60 66 0b 66 01 00 00 00 1f 
[10:56:38] 80 76 60 80 77 60 80 77 60 80 76 60 66 0c 66 0d 00 00 00 20 
[10:56:38] 80 76 5f 80 76 60 80 76 60 80 76 60 66 15 66 25 00 00 00 21 
[10:56:38] 80 76 5f 80 76 5f 80 76 5f 80 76 60 66 27 66 49 00 00 00 22 
[10:56:38] 80 76 60 80 76 60 80 76 60 80 76 5f 66 49 66 55 00 00 00 23 
[10:56:38] 80 76 5f 80 76 5f 80 76 5f 80 76 5f 66 5a 66 73 00 00 00 24 
[10:56:39] 80 76 60 80 76 60 81 77 5f 81 76 5f 66 79 66 7f 00 00 00 25 
[10:56:39] 80 76 60 80 76 60 80 76 60 80 76 5f 66 83 66 74 00 00 00 26 
[10:56:39] 80 77 60 80 77 60 80 77 60 80 77 60 66 47 66 45 00 00 00 27 
[10:56:39] 80 76 60 80 76 60 81 76 5f 81 76 5f 66 2a 66 26 00 00 00 28 
[10:56:39] 80 76 60 81 76 60 81 76 5f 80 77 60 66 25 66 1f 00 00 00 29 
[10:56:39] 80 77 60 80 76 60 81 77 60 80 77 60 66 22 66 28 00 00 00 2a 
[10:56:39] 80 76 60 80 76 60 80 76 5f 80 76 5f 66 29 66 3b 00 00 00 2b 
[10:56:39] 80 76 60 80 76 60 80 76 60 80 76 60 66 3d 66 47 00 00 00 2c 
[10:56:39] 80 76 60 81 77 60 80 77 5f 81 76 5f 66 54 66 4e 00 00 00 2d 
[10:56:39] 83 72 61 84 70 61 83 72 60 82 74 60 66 64 66 79 00 00 00 2e 
[10:56:39] 81 76 60 81 76 60 81 76 5f 80 76 60 66 73 66 86 00 00 00 2f 
[10:56:39] 10 14 02 17 2d 05 
[10:56:40] 81 77 5f 80 77 60 80 77 60 80 76 60 66 86 66 90 00 00 00 30 
[10:56:40] 80 76 60 80 76 60 80 76 5f 81 76 5f 66 8c 66 68 00 00 00 31 
[10:56:40] 81 76 60 81 76 60 80 77 60 80 76 5f 66 52 66 4b 00 00 00 32 
[10:56:40] 80 76 5f 80 77 60 80 77 60 80 77 60 66 40 66 47 00 00 00 33 
[10:56:40] 80 77 60 80 77 5f 80 77 5f 80 77 5f 66 3c 66 4d 00 00 00 34 
[10:56:40] 80 77 5f 80 77 60 81 77 60 81 77 60 66 4f 66 46 00 00 00 35 
[10:56:40] 81 77 60 81 77 60 81 77 5f 81 77 5f 66 56 66 66 00 00 00 36 
[10:56:40] 80 76 60 81 77 60 80 77 60 80 77 60 66 63 66 78 00 00 00 37 
[10:56:40] 80 76 60 80 76 60 80 76 60 80 76 5f 66 74 66 87 00 00 00 38 
[10:56:40] 10 14 02 17 2d 05 
[10:56:40] 80 76 60 80 76 60 80 76 5f 80 76 5f 66 8c 66 9f 00 00 00 39 
[10:56:40] 80 76 5f 80 76 5f 80 77 60 80 77 60 66 9f 66 ab 00 00 00 3a 
[10:56:40] 80 77 60 80 77 60 80 77 60 80 77 60 66 b3 66 b6 00 00 00 3b 
[10:56:40] 80 76 5f 80 76 5f 81 76 5f 80 77 5f 66 a0 66 82 00 00 00 3c 
[10:56:40] 80 77 5f 80 77 5f 80 77 5f 80 76 5f 66 79 66 59 00 00 00 3d 
[10:56:40] 80 76 5f 80 76 5f 80 77 5f 80 77 5f 66 5f 66 4d 00 00 00 3e 
[10:56:41] 80 76 60 80 76 60 80 76 60 80 76 60 66 5c 66 4e 00 00 00 3f 
[10:56:41] 80 76 60 80 77 60 80 77 60 80 77 5f 66 60 66 5e 00 00 00 40 
[10:56:41] 81 77 5f 81 77 5f 80 77 60 80 77 60 66 6a 66 72 00 00 00 41 
[10:56:41] 80 77 5f 80 76 5f 80 77 5f 80 77 5f 66 81 66 8a 00 00 00 42 
[10:56:41] 10 13 02 17 2d 05 
[10:56:43] 10 13 02 17 2d 05 
[10:56:45] 10 13 02 17 2d 05 
[10:56:47] 10 13 02 17 2d 05 
[10:56:49] 10 13 02 17 2d 05 
